10000 10000
1 1
r 0 0 0
END

10 1
5 5
t 2 0 0
t 3 0 4
t 0 4 4
t 1 4 0
f 0 0 1
f 0 0 2
f 0 0 3
f 0 4 1
f 0 4 2
f 0 4 3
f 0 1 0
f 0 1 1
f 0 1 2
f 0 1 3
f 0 1 4
f 0 2 0
f 0 2 1
f 0 2 2
f 0 2 3
f 0 2 4
f 0 3 0
f 0 3 1
f 0 3 2
f 0 3 3
f 0 3 4
f 0 4 0
f 0 4 1
f 0 4 2
f 0 4 3
f 0 4 4
END

20 10
10 10
h 2 0 0
END

200 200
40 40
t 2 0 0
t 3 0 39
t 0 39 39
t 1 39 0
h 1 38 1
h 2 1 1
h 3 1 38
h 0 38 38
END

10 1
5 5
r 2 0 0
r 3 0 4
r 0 4 4
r 1 4 0
f 0 0 1
f 0 0 2
f 0 0 3
f 0 4 1
f 0 4 2
f 0 4 3
f 0 1 0
f 0 1 1
f 0 1 2
f 0 1 3
f 0 1 4
f 0 2 0
f 0 2 1
f 0 2 2
f 0 2 3
f 0 2 4
f 0 3 0
f 0 3 1
f 0 3 2
f 0 3 3
f 0 3 4
f 0 4 0
f 0 4 1
f 0 4 2
f 0 4 3
f 0 4 4
END

20 5
5 5
r 2 0 0
r 3 0 4
r 0 4 4
r 1 4 0
f 0 0 1
f 0 0 2
f 0 0 3
f 0 4 1
f 0 4 2
f 0 4 3
f 0 1 0
f 0 1 1
f 0 3 4
f 0 4 0
f 0 4 1
f 0 4 2
f 0 4 3
f 0 4 4
END

100 5
30 30
f 2 0 0
f 2 0 1
f 2 0 2
f 2 0 3
f 2 0 4
f 2 0 5
f 2 0 6
f 2 0 7
f 2 0 8
f 2 0 9
f 2 0 10
f 2 0 11
f 2 0 12
f 2 0 13
f 2 0 14
f 2 0 15
f 2 0 16
f 2 0 17
f 2 0 18
f 2 0 19
f 2 0 20
f 2 0 21
f 2 0 22
f 2 0 23
f 2 0 24
f 2 0 25
f 2 0 26
f 2 0 27
f 2 0 28
f 2 0 29
f 2 1 0
f 2 1 1
f 2 1 2
f 2 1 3
f 2 1 4
f 2 1 5
f 2 1 6
f 2 1 7
f 2 1 8
f 2 1 9
f 2 1 10
f 2 1 11
f 2 1 12
f 2 1 13
f 2 1 14
f 2 1 15
f 2 1 16
f 2 1 17
f 2 1 18
f 2 1 19
f 2 1 20
f 2 1 21
f 2 1 22
f 2 1 23
f 2 1 24
f 2 1 25
f 2 1 26
f 2 1 27
f 2 1 28
f 2 1 29
f 2 2 0
f 2 2 1
f 2 2 2
f 2 2 3
f 2 2 4
f 2 2 5
f 2 2 6
f 2 2 7
f 2 2 8
f 2 2 9
f 2 2 10
f 2 2 11
f 2 2 12
f 2 2 13
f 2 2 14
f 2 2 15
f 2 2 16
f 2 2 17
f 2 2 18
f 2 2 19
f 2 2 20
f 2 2 21
f 2 2 22
f 2 2 23
f 2 2 24
f 2 2 25
f 2 2 26
f 2 2 27
f 2 2 28
f 2 2 29
f 2 3 0
f 2 3 1
f 2 3 2
f 2 3 3
f 2 3 4
f 2 3 5
f 2 3 6
f 2 3 7
f 2 3 8
f 2 3 9
f 2 3 10
f 2 3 11
f 2 3 12
f 2 3 13
f 2 3 14
f 2 3 15
f 2 3 16
f 2 3 17
f 2 3 18
f 2 3 19
f 2 3 20
f 2 3 21
f 2 3 22
f 2 3 23
f 2 3 24
f 2 3 25
f 2 3 26
f 2 3 27
f 2 3 28
f 2 3 29
f 2 4 0
f 2 4 1
f 2 4 2
f 2 4 3
f 2 4 4
f 2 4 5
f 2 4 6
f 2 4 7
f 2 4 8
f 2 4 9
f 2 4 10
f 2 4 11
f 2 4 12
f 2 4 13
f 2 4 14
f 2 4 15
f 2 4 16
f 2 4 17
f 2 4 18
f 2 4 19
f 2 4 20
f 2 4 21
f 2 4 22
f 2 4 23
f 2 4 24
f 2 4 25
f 2 4 26
f 2 4 27
f 2 4 28
f 2 4 29
f 2 5 0
f 2 5 1
f 2 5 2
f 2 5 3
f 2 5 4
f 2 5 5
f 2 5 6
f 2 5 7
f 2 5 8
f 2 5 9
f 2 5 10
f 2 5 11
f 2 5 12
f 2 5 13
f 2 5 14
f 2 5 15
f 2 5 16
f 2 5 17
f 2 5 18
f 2 5 19
f 2 5 20
f 2 5 21
f 2 5 22
f 2 5 23
f 2 5 24
f 2 5 25
f 2 5 26
f 2 5 27
f 2 5 28
f 2 5 29
f 2 6 0
f 2 6 1
f 2 6 2
f 2 6 3
f 2 6 4
f 2 6 5
f 2 6 6
f 2 6 7
f 2 6 8
f 2 6 9
f 2 6 10
f 2 6 11
f 2 6 12
f 2 6 13
f 2 6 14
f 2 6 15
f 2 6 16
f 2 6 17
f 2 6 18
f 2 6 19
f 2 6 20
f 2 6 21
f 2 6 22
f 2 6 23
f 2 6 24
f 2 6 25
f 2 6 26
f 2 6 27
f 2 6 28
f 2 6 29
f 2 7 0
f 2 7 1
f 2 7 2
f 2 7 3
f 2 7 4
f 2 7 5
f 2 7 6
f 2 7 7
f 2 7 8
f 2 7 9
f 2 7 10
f 2 7 11
f 2 7 12
f 2 7 13
f 2 7 14
f 2 7 15
f 2 7 16
f 2 7 17
f 2 7 18
f 2 7 19
f 2 7 20
f 2 7 21
f 2 7 22
f 2 7 23
f 2 7 24
f 2 7 25
f 2 7 26
f 2 7 27
f 2 7 28
f 2 7 29
f 2 8 0
f 2 8 1
f 2 8 2
f 2 8 3
f 2 8 4
f 2 8 5
f 2 8 6
f 2 8 7
f 2 8 8
f 2 8 9
f 2 8 10
f 2 8 11
f 2 8 12
f 2 8 13
f 2 8 14
f 2 8 15
f 2 8 16
f 2 8 17
f 2 8 18
f 2 8 19
f 2 8 20
f 2 8 21
f 2 8 22
f 2 8 23
f 2 8 24
f 2 8 25
f 2 8 26
f 2 8 27
f 2 8 28
f 2 8 29
f 2 9 0
f 2 9 1
f 2 9 2
f 2 9 3
f 2 9 4
f 2 9 5
f 2 9 6
f 2 9 7
f 2 9 8
f 2 9 9
f 2 9 10
f 2 9 11
f 2 9 12
f 2 9 13
f 2 9 14
f 2 9 15
f 2 9 16
f 2 9 17
f 2 9 18
f 2 9 19
f 2 9 20
f 2 9 21
f 2 9 22
f 2 9 23
f 2 9 24
f 2 9 25
f 2 9 26
f 2 9 27
f 2 9 28
f 2 9 29
f 2 10 0
f 2 10 1
f 2 10 2
f 2 10 3
f 2 10 4
f 2 10 5
f 2 10 6
f 2 10 7
f 2 10 8
f 2 10 9
f 2 10 10
f 2 10 11
f 2 10 12
f 2 10 13
f 2 10 14
f 2 10 15
f 2 10 16
f 2 10 17
f 2 10 18
f 2 10 19
f 2 10 20
f 2 10 21
f 2 10 22
f 2 10 23
f 2 10 24
f 2 10 25
f 2 10 26
f 2 10 27
f 2 10 28
f 2 10 29
f 2 11 0
f 2 11 1
f 2 11 2
f 2 11 3
f 2 11 4
f 2 11 5
f 2 11 6
f 2 11 7
f 2 11 8
f 2 11 9
f 2 11 10
f 2 11 11
f 2 11 12
f 2 11 13
f 2 11 14
f 2 11 15
f 2 11 16
f 2 11 17
f 2 11 18
f 2 11 19
f 2 11 20
f 2 11 21
f 2 11 22
f 2 11 23
f 2 11 24
f 2 11 25
f 2 11 26
f 2 11 27
f 2 11 28
f 2 11 29
f 2 12 0
f 2 12 1
f 2 12 2
f 2 12 3
f 2 12 4
f 2 12 5
f 2 12 6
f 2 12 7
f 2 12 8
f 2 12 9
f 2 12 10
f 2 12 11
f 2 12 12
f 2 12 13
f 2 12 14
f 2 12 15
f 2 12 16
f 2 12 17
f 2 12 18
f 2 12 19
f 2 12 20
f 2 12 21
f 2 12 22
f 2 12 23
f 2 12 24
f 2 12 25
f 2 12 26
f 2 12 27
f 2 12 28
f 2 12 29
f 2 13 0
f 2 13 1
f 2 13 2
f 2 13 3
f 2 13 4
f 2 13 5
f 2 13 6
f 2 13 7
f 2 13 8
f 2 13 9
f 2 13 10
f 2 13 11
f 2 13 12
f 2 13 13
f 2 13 14
f 2 13 15
f 2 13 16
f 2 13 17
f 2 13 18
f 2 13 19
f 2 13 20
f 2 13 21
f 2 13 22
f 2 13 23
f 2 13 24
f 2 13 25
f 2 13 26
f 2 13 27
f 2 13 28
f 2 13 29
f 2 14 0
f 2 14 1
f 2 14 2
f 2 14 3
f 2 14 4
f 2 14 5
f 2 14 6
f 2 14 7
f 2 14 8
f 2 14 9
f 2 14 10
f 2 14 11
f 2 14 12
f 2 14 13
b 2 14 14
f 2 14 15
f 2 14 16
f 2 14 17
f 2 14 18
f 2 14 19
f 2 14 20
f 2 14 21
f 2 14 22
f 2 14 23
f 2 14 24
f 2 14 25
f 2 14 26
f 2 14 27
f 2 14 28
f 2 14 29
f 2 15 0
f 2 15 1
f 2 15 2
f 2 15 3
f 2 15 4
f 2 15 5
f 2 15 6
f 2 15 7
f 2 15 8
f 2 15 9
f 2 15 10
f 2 15 11
f 2 15 12
f 2 15 13
f 2 15 14
f 2 15 15
f 2 15 16
f 2 15 17
f 2 15 18
f 2 15 19
f 2 15 20
f 2 15 21
f 2 15 22
f 2 15 23
f 2 15 24
f 2 15 25
f 2 15 26
f 2 15 27
f 2 15 28
f 2 15 29
f 2 16 0
f 2 16 1
f 2 16 2
f 2 16 3
f 2 16 4
f 2 16 5
f 2 16 6
f 2 16 7
f 2 16 8
f 2 16 9
f 2 16 10
f 2 16 11
f 2 16 12
f 2 16 13
f 2 16 14
f 2 16 15
f 2 16 16
f 2 16 17
f 2 16 18
f 2 16 19
f 2 16 20
f 2 16 21
f 2 16 22
f 2 16 23
f 2 16 24
f 2 16 25
f 2 16 26
f 2 16 27
f 2 16 28
f 2 16 29
f 2 17 0
f 2 17 1
f 2 17 2
f 2 17 3
f 2 17 4
f 2 17 5
f 2 17 6
f 2 17 7
f 2 17 8
f 2 17 9
f 2 17 10
f 2 17 11
f 2 17 12
f 2 17 13
f 2 17 14
f 2 17 15
f 2 17 16
f 2 17 17
f 2 17 18
f 2 17 19
f 2 17 20
f 2 17 21
f 2 17 22
f 2 17 23
f 2 17 24
f 2 17 25
f 2 17 26
f 2 17 27
f 2 17 28
f 2 17 29
f 2 18 0
f 2 18 1
f 2 18 2
f 2 18 3
f 2 18 4
f 2 18 5
f 2 18 6
f 2 18 7
f 2 18 8
f 2 18 9
f 2 18 10
f 2 18 11
f 2 18 12
f 2 18 13
f 2 18 14
f 2 18 15
f 2 18 16
f 2 18 17
f 2 18 18
f 2 18 19
f 2 18 20
f 2 18 21
f 2 18 22
f 2 18 23
f 2 18 24
f 2 18 25
f 2 18 26
f 2 18 27
f 2 18 28
f 2 18 29
f 2 19 0
f 2 19 1
f 2 19 2
f 2 19 3
f 2 19 4
f 2 19 5
f 2 19 6
f 2 19 7
f 2 19 8
f 2 19 9
f 2 19 10
f 2 19 11
f 2 19 12
f 2 19 13
f 2 19 14
f 2 19 15
f 2 19 16
f 2 19 17
f 2 19 18
f 2 19 19
f 2 19 20
f 2 19 21
f 2 19 22
f 2 19 23
f 2 19 24
f 2 19 25
f 2 19 26
f 2 19 27
f 2 19 28
f 2 19 29
f 2 20 0
f 2 20 1
f 2 20 2
f 2 20 3
f 2 20 4
f 2 20 5
f 2 20 6
f 2 20 7
f 2 20 8
f 2 20 9
f 2 20 10
f 2 20 11
f 2 20 12
f 2 20 13
f 2 20 14
f 2 20 15
f 2 20 16
f 2 20 17
f 2 20 18
f 2 20 19
f 2 20 20
f 2 20 21
f 2 20 22
f 2 20 23
f 2 20 24
f 2 20 25
f 2 20 26
f 2 20 27
f 2 20 28
f 2 20 29
f 2 21 0
f 2 21 1
f 2 21 2
f 2 21 3
f 2 21 4
f 2 21 5
f 2 21 6
f 2 21 7
f 2 21 8
f 2 21 9
f 2 21 10
f 2 21 11
f 2 21 12
f 2 21 13
f 2 21 14
f 2 21 15
f 2 21 16
f 2 21 17
f 2 21 18
f 2 21 19
f 2 21 20
f 2 21 21
f 2 21 22
f 2 21 23
f 2 21 24
f 2 21 25
f 2 21 26
f 2 21 27
f 2 21 28
f 2 21 29
f 2 22 0
f 2 22 1
f 2 22 2
f 2 22 3
f 2 22 4
f 2 22 5
f 2 22 6
f 2 22 7
f 2 22 8
f 2 22 9
f 2 22 10
f 2 22 11
f 2 22 12
f 2 22 13
f 2 22 14
f 2 22 15
f 2 22 16
f 2 22 17
f 2 22 18
f 2 22 19
f 2 22 20
f 2 22 21
f 2 22 22
f 2 22 23
f 2 22 24
f 2 22 25
f 2 22 26
f 2 22 27
f 2 22 28
f 2 22 29
f 2 23 0
f 2 23 1
f 2 23 2
f 2 23 3
f 2 23 4
f 2 23 5
f 2 23 6
f 2 23 7
f 2 23 8
f 2 23 9
f 2 23 10
f 2 23 11
f 2 23 12
f 2 23 13
f 2 23 14
f 2 23 15
f 2 23 16
f 2 23 17
f 2 23 18
f 2 23 19
f 2 23 20
f 2 23 21
f 2 23 22
f 2 23 23
f 2 23 24
f 2 23 25
f 2 23 26
f 2 23 27
f 2 23 28
f 2 23 29
f 2 24 0
f 2 24 1
f 2 24 2
f 2 24 3
f 2 24 4
f 2 24 5
f 2 24 6
f 2 24 7
f 2 24 8
f 2 24 9
f 2 24 10
f 2 24 11
f 2 24 12
f 2 24 13
f 2 24 14
f 2 24 15
f 2 24 16
f 2 24 17
f 2 24 18
f 2 24 19
f 2 24 20
f 2 24 21
f 2 24 22
f 2 24 23
f 2 24 24
f 2 24 25
f 2 24 26
f 2 24 27
f 2 24 28
f 2 24 29
f 2 25 0
f 2 25 1
f 2 25 2
f 2 25 3
f 2 25 4
f 2 25 5
f 2 25 6
f 2 25 7
f 2 25 8
f 2 25 9
f 2 25 10
f 2 25 11
f 2 25 12
f 2 25 13
f 2 25 14
f 2 25 15
f 2 25 16
f 2 25 17
f 2 25 18
f 2 25 19
f 2 25 20
f 2 25 21
f 2 25 22
f 2 25 23
f 2 25 24
f 2 25 25
f 2 25 26
f 2 25 27
f 2 25 28
f 2 25 29
f 2 26 0
f 2 26 1
f 2 26 2
f 2 26 3
f 2 26 4
f 2 26 5
f 2 26 6
f 2 26 7
f 2 26 8
f 2 26 9
f 2 26 10
f 2 26 11
f 2 26 12
f 2 26 13
f 2 26 14
f 2 26 15
f 2 26 16
f 2 26 17
f 2 26 18
f 2 26 19
f 2 26 20
f 2 26 21
f 2 26 22
f 2 26 23
f 2 26 24
f 2 26 25
f 2 26 26
f 2 26 27
f 2 26 28
f 2 26 29
f 2 27 0
f 2 27 1
f 2 27 2
f 2 27 3
f 2 27 4
f 2 27 5
f 2 27 6
f 2 27 7
f 2 27 8
f 2 27 9
f 2 27 10
f 2 27 11
f 2 27 12
f 2 27 13
f 2 27 14
f 2 27 15
f 2 27 16
f 2 27 17
f 2 27 18
f 2 27 19
f 2 27 20
f 2 27 21
f 2 27 22
f 2 27 23
f 2 27 24
f 2 27 25
f 2 27 26
f 2 27 27
f 2 27 28
f 2 27 29
f 2 28 0
f 2 28 1
f 2 28 2
f 2 28 3
f 2 28 4
f 2 28 5
f 2 28 6
f 2 28 7
f 2 28 8
f 2 28 9
f 2 28 10
f 2 28 11
f 2 28 12
f 2 28 13
f 2 28 14
f 2 28 15
f 2 28 16
f 2 28 17
f 2 28 18
f 2 28 19
f 2 28 20
f 2 28 21
f 2 28 22
f 2 28 23
f 2 28 24
f 2 28 25
f 2 28 26
f 2 28 27
f 2 28 28
f 2 28 29
f 2 29 0
f 2 29 1
f 2 29 2
f 2 29 3
f 2 29 4
f 2 29 5
f 2 29 6
f 2 29 7
f 2 29 8
f 2 29 9
f 2 29 10
f 2 29 11
f 2 29 12
f 2 29 13
f 2 29 14
f 2 29 15
f 2 29 16
f 2 29 17
f 2 29 18
f 2 29 19
f 2 29 20
f 2 29 21
f 2 29 22
f 2 29 23
f 2 29 24
f 2 29 25
f 2 29 26
f 2 29 27
f 2 29 28
f 2 29 29
END

100 5
30 30
f 2 0 0
f 2 0 1
f 2 0 2
f 2 0 3
f 2 0 4
f 2 0 5
f 2 0 6
f 2 0 7
f 2 0 8
f 2 0 9
f 2 0 10
f 2 0 11
f 2 0 12
f 2 0 13
f 2 0 14
f 2 0 15
f 2 0 16
f 2 0 17
f 2 0 18
f 2 0 19
f 2 0 20
f 2 0 21
f 2 0 22
f 2 0 23
f 2 0 24
f 2 0 25
f 2 0 26
f 2 0 27
f 2 0 28
f 2 0 29
f 2 1 0
f 2 1 1
f 2 1 2
f 2 1 3
f 2 1 4
f 2 1 5
f 2 1 6
f 2 1 7
f 2 1 8
f 2 1 9
f 2 1 10
f 2 1 11
f 2 1 12
f 2 1 13
f 2 1 14
f 2 1 15
f 2 1 16
f 2 1 17
f 2 1 18
f 2 1 19
f 2 1 20
f 2 1 21
f 2 1 22
f 2 1 23
f 2 1 24
f 2 1 25
f 2 1 26
f 2 1 27
f 2 1 28
f 2 1 29
f 2 2 0
f 2 2 1
f 2 2 2
f 2 2 3
f 2 2 4
f 2 2 5
f 2 2 6
f 2 2 7
f 2 2 8
f 2 2 9
f 2 2 10
f 2 2 11
f 2 2 12
f 2 2 13
f 2 2 14
f 2 2 15
f 2 2 16
f 2 2 17
f 2 2 18
f 2 2 19
f 2 2 20
f 2 2 21
f 2 2 22
f 2 2 23
f 2 2 24
f 2 2 25
f 2 2 26
f 2 2 27
f 2 2 28
f 2 2 29
f 2 3 0
f 2 3 1
f 2 3 2
f 2 3 3
f 2 3 4
f 2 3 5
f 2 3 6
f 2 3 7
f 2 3 8
f 2 3 9
f 2 3 10
f 2 3 11
f 2 3 12
f 2 3 13
f 2 3 14
f 2 3 15
f 2 3 16
f 2 3 17
f 2 3 18
f 2 3 19
f 2 3 20
f 2 3 21
f 2 3 22
f 2 3 23
f 2 3 24
f 2 3 25
f 2 3 26
f 2 3 27
f 2 3 28
f 2 3 29
f 2 4 0
f 2 4 1
f 2 4 2
f 2 4 3
f 2 4 4
f 2 4 5
f 2 4 6
f 2 4 7
f 2 4 8
f 2 4 9
f 2 4 10
f 2 4 11
f 2 4 12
f 2 4 13
f 2 4 14
f 2 4 15
f 2 4 16
f 2 4 17
f 2 4 18
f 2 4 19
f 2 4 20
f 2 4 21
f 2 4 22
f 2 4 23
f 2 4 24
f 2 4 25
f 2 4 26
f 2 4 27
f 2 4 28
f 2 4 29
f 2 5 0
f 2 5 1
f 2 5 2
f 2 5 3
f 2 5 4
f 2 5 5
f 2 5 6
f 2 5 7
f 2 5 8
f 2 5 9
f 2 5 10
f 2 5 11
f 2 5 12
f 2 5 13
f 2 5 14
f 2 5 15
f 2 5 16
f 2 5 17
f 2 5 18
f 2 5 19
f 2 5 20
f 2 5 21
f 2 5 22
f 2 5 23
f 2 5 24
f 2 5 25
f 2 5 26
f 2 5 27
f 2 5 28
f 2 5 29
f 2 6 0
f 2 6 1
f 2 6 2
f 2 6 3
f 2 6 4
f 2 6 5
f 2 6 6
f 2 6 7
f 2 6 8
f 2 6 9
f 2 6 10
f 2 6 11
f 2 6 12
f 2 6 13
f 2 6 14
f 2 6 15
f 2 6 16
f 2 6 17
f 2 6 18
f 2 6 19
f 2 6 20
f 2 6 21
f 2 6 22
f 2 6 23
f 2 6 24
f 2 6 25
f 2 6 26
f 2 6 27
f 2 6 28
f 2 6 29
f 2 7 0
f 2 7 1
f 2 7 2
f 2 7 3
f 2 7 4
f 2 7 5
f 2 7 6
f 2 7 7
f 2 7 8
f 2 7 9
f 2 7 10
f 2 7 11
f 2 7 12
f 2 7 13
f 2 7 14
f 2 7 15
f 2 7 16
f 2 7 17
f 2 7 18
f 2 7 19
f 2 7 20
f 2 7 21
f 2 7 22
f 2 7 23
f 2 7 24
f 2 7 25
f 2 7 26
f 2 7 27
f 2 7 28
f 2 7 29
f 2 8 0
f 2 8 1
f 2 8 2
f 2 8 3
f 2 8 4
f 2 8 5
f 2 8 6
f 2 8 7
f 2 8 8
f 2 8 9
f 2 8 10
f 2 8 11
f 2 8 12
f 2 8 13
f 2 8 14
f 2 8 15
f 2 8 16
f 2 8 17
f 2 8 18
f 2 8 19
f 2 8 20
f 2 8 21
f 2 8 22
f 2 8 23
f 2 8 24
f 2 8 25
f 2 8 26
f 2 8 27
f 2 8 28
f 2 8 29
f 2 9 0
f 2 9 1
f 2 9 2
f 2 9 3
f 2 9 4
f 2 9 5
f 2 9 6
f 2 9 7
f 2 9 8
f 2 9 9
f 2 9 10
f 2 9 11
f 2 9 12
f 2 9 13
f 2 9 14
f 2 9 15
f 2 9 16
f 2 9 17
f 2 9 18
f 2 9 19
f 2 9 20
f 2 9 21
f 2 9 22
f 2 9 23
f 2 9 24
f 2 9 25
f 2 9 26
f 2 9 27
f 2 9 28
f 2 9 29
f 2 10 0
f 2 10 1
f 2 10 2
f 2 10 3
f 2 10 4
f 2 10 5
f 2 10 6
f 2 10 7
f 2 10 8
f 2 10 9
f 2 10 10
f 2 10 11
f 2 10 12
f 2 10 13
f 2 10 14
f 2 10 15
f 2 10 16
f 2 10 17
f 2 10 18
f 2 10 19
f 2 10 20
f 2 10 21
f 2 10 22
f 2 10 23
f 2 10 24
f 2 10 25
f 2 10 26
f 2 10 27
f 2 10 28
f 2 10 29
f 2 11 0
f 2 11 1
f 2 11 2
f 2 11 3
f 2 11 4
f 2 11 5
f 2 11 6
f 2 11 7
f 2 11 8
f 2 11 9
f 2 11 10
f 2 11 11
f 2 11 12
f 2 11 13
f 2 11 14
f 2 11 15
f 2 11 16
f 2 11 17
f 2 11 18
f 2 11 19
f 2 11 20
f 2 11 21
f 2 11 22
f 2 11 23
f 2 11 24
f 2 11 25
f 2 11 26
f 2 11 27
f 2 11 28
f 2 11 29
f 2 12 0
f 2 12 1
f 2 12 2
f 2 12 3
f 2 12 4
f 2 12 5
f 2 12 6
f 2 12 7
f 2 12 8
f 2 12 9
f 2 12 10
f 2 12 11
f 2 12 12
f 2 12 13
f 2 12 14
f 2 12 15
f 2 12 16
f 2 12 17
f 2 12 18
f 2 12 19
f 2 12 20
f 2 12 21
f 2 12 22
f 2 12 23
f 2 12 24
f 2 12 25
f 2 12 26
f 2 12 27
f 2 12 28
f 2 12 29
f 2 13 0
f 2 13 1
f 2 13 2
f 2 13 3
f 2 13 4
f 2 13 5
f 2 13 6
f 2 13 7
f 2 13 8
f 2 13 9
f 2 13 10
f 2 13 11
f 2 13 12
f 2 13 13
f 2 13 14
f 2 13 15
f 2 13 16
f 2 13 17
f 2 13 18
f 2 13 19
f 2 13 20
f 2 13 21
f 2 13 22
f 2 13 23
f 2 13 24
f 2 13 25
f 2 13 26
f 2 13 27
f 2 13 28
f 2 13 29
f 2 14 0
f 2 14 1
f 2 14 2
f 2 14 3
f 2 14 4
f 2 14 5
f 2 14 6
f 2 14 7
f 2 14 8
f 2 14 9
f 2 14 10
f 2 14 11
f 2 14 12
f 2 14 13
t 2 14 14
f 2 14 15
f 2 14 16
f 2 14 17
f 2 14 18
f 2 14 19
f 2 14 20
f 2 14 21
f 2 14 22
f 2 14 23
f 2 14 24
f 2 14 25
f 2 14 26
f 2 14 27
f 2 14 28
f 2 14 29
f 2 15 0
f 2 15 1
f 2 15 2
f 2 15 3
f 2 15 4
f 2 15 5
f 2 15 6
f 2 15 7
f 2 15 8
f 2 15 9
f 2 15 10
f 2 15 11
f 2 15 12
f 2 15 13
f 2 15 14
f 2 15 15
f 2 15 16
f 2 15 17
f 2 15 18
f 2 15 19
f 2 15 20
f 2 15 21
f 2 15 22
f 2 15 23
f 2 15 24
f 2 15 25
f 2 15 26
f 2 15 27
f 2 15 28
f 2 15 29
f 2 16 0
f 2 16 1
f 2 16 2
f 2 16 3
f 2 16 4
f 2 16 5
f 2 16 6
f 2 16 7
f 2 16 8
f 2 16 9
f 2 16 10
f 2 16 11
f 2 16 12
f 2 16 13
f 2 16 14
f 2 16 15
f 2 16 16
f 2 16 17
f 2 16 18
f 2 16 19
f 2 16 20
f 2 16 21
f 2 16 22
f 2 16 23
f 2 16 24
f 2 16 25
f 2 16 26
f 2 16 27
f 2 16 28
f 2 16 29
f 2 17 0
f 2 17 1
f 2 17 2
f 2 17 3
f 2 17 4
f 2 17 5
f 2 17 6
f 2 17 7
f 2 17 8
f 2 17 9
f 2 17 10
f 2 17 11
f 2 17 12
f 2 17 13
f 2 17 14
f 2 17 15
f 2 17 16
f 2 17 17
f 2 17 18
f 2 17 19
f 2 17 20
f 2 17 21
f 2 17 22
f 2 17 23
f 2 17 24
f 2 17 25
f 2 17 26
f 2 17 27
f 2 17 28
f 2 17 29
f 2 18 0
f 2 18 1
f 2 18 2
f 2 18 3
f 2 18 4
f 2 18 5
f 2 18 6
f 2 18 7
f 2 18 8
f 2 18 9
f 2 18 10
f 2 18 11
f 2 18 12
f 2 18 13
f 2 18 14
f 2 18 15
f 2 18 16
f 2 18 17
f 2 18 18
f 2 18 19
f 2 18 20
f 2 18 21
f 2 18 22
f 2 18 23
f 2 18 24
f 2 18 25
f 2 18 26
f 2 18 27
f 2 18 28
f 2 18 29
f 2 19 0
f 2 19 1
f 2 19 2
f 2 19 3
f 2 19 4
f 2 19 5
f 2 19 6
f 2 19 7
f 2 19 8
f 2 19 9
f 2 19 10
f 2 19 11
f 2 19 12
f 2 19 13
f 2 19 14
f 2 19 15
f 2 19 16
f 2 19 17
f 2 19 18
f 2 19 19
f 2 19 20
f 2 19 21
f 2 19 22
f 2 19 23
f 2 19 24
f 2 19 25
f 2 19 26
f 2 19 27
f 2 19 28
f 2 19 29
f 2 20 0
f 2 20 1
f 2 20 2
f 2 20 3
f 2 20 4
f 2 20 5
f 2 20 6
f 2 20 7
f 2 20 8
f 2 20 9
f 2 20 10
f 2 20 11
f 2 20 12
f 2 20 13
f 2 20 14
f 2 20 15
f 2 20 16
f 2 20 17
f 2 20 18
f 2 20 19
f 2 20 20
f 2 20 21
f 2 20 22
f 2 20 23
f 2 20 24
f 2 20 25
f 2 20 26
f 2 20 27
f 2 20 28
f 2 20 29
f 2 21 0
f 2 21 1
f 2 21 2
f 2 21 3
f 2 21 4
f 2 21 5
f 2 21 6
f 2 21 7
f 2 21 8
f 2 21 9
f 2 21 10
f 2 21 11
f 2 21 12
f 2 21 13
f 2 21 14
f 2 21 15
f 2 21 16
f 2 21 17
f 2 21 18
f 2 21 19
f 2 21 20
f 2 21 21
f 2 21 22
f 2 21 23
f 2 21 24
f 2 21 25
f 2 21 26
f 2 21 27
f 2 21 28
f 2 21 29
f 2 22 0
f 2 22 1
f 2 22 2
f 2 22 3
f 2 22 4
f 2 22 5
f 2 22 6
f 2 22 7
f 2 22 8
f 2 22 9
f 2 22 10
f 2 22 11
f 2 22 12
f 2 22 13
f 2 22 14
f 2 22 15
f 2 22 16
f 2 22 17
f 2 22 18
f 2 22 19
f 2 22 20
f 2 22 21
f 2 22 22
f 2 22 23
f 2 22 24
f 2 22 25
f 2 22 26
f 2 22 27
f 2 22 28
f 2 22 29
f 2 23 0
f 2 23 1
f 2 23 2
f 2 23 3
f 2 23 4
f 2 23 5
f 2 23 6
f 2 23 7
f 2 23 8
f 2 23 9
f 2 23 10
f 2 23 11
f 2 23 12
f 2 23 13
f 2 23 14
f 2 23 15
f 2 23 16
f 2 23 17
f 2 23 18
f 2 23 19
f 2 23 20
f 2 23 21
f 2 23 22
f 2 23 23
f 2 23 24
f 2 23 25
f 2 23 26
f 2 23 27
f 2 23 28
f 2 23 29
f 2 24 0
f 2 24 1
f 2 24 2
f 2 24 3
f 2 24 4
f 2 24 5
f 2 24 6
f 2 24 7
f 2 24 8
f 2 24 9
f 2 24 10
f 2 24 11
f 2 24 12
f 2 24 13
f 2 24 14
f 2 24 15
f 2 24 16
f 2 24 17
f 2 24 18
f 2 24 19
f 2 24 20
f 2 24 21
f 2 24 22
f 2 24 23
f 2 24 24
f 2 24 25
f 2 24 26
f 2 24 27
f 2 24 28
f 2 24 29
f 2 25 0
f 2 25 1
f 2 25 2
f 2 25 3
f 2 25 4
f 2 25 5
f 2 25 6
f 2 25 7
f 2 25 8
f 2 25 9
f 2 25 10
f 2 25 11
f 2 25 12
f 2 25 13
f 2 25 14
f 2 25 15
f 2 25 16
f 2 25 17
f 2 25 18
f 2 25 19
f 2 25 20
f 2 25 21
f 2 25 22
f 2 25 23
f 2 25 24
f 2 25 25
f 2 25 26
f 2 25 27
f 2 25 28
f 2 25 29
f 2 26 0
f 2 26 1
f 2 26 2
f 2 26 3
f 2 26 4
f 2 26 5
f 2 26 6
f 2 26 7
f 2 26 8
f 2 26 9
f 2 26 10
f 2 26 11
f 2 26 12
f 2 26 13
f 2 26 14
f 2 26 15
f 2 26 16
f 2 26 17
f 2 26 18
f 2 26 19
f 2 26 20
f 2 26 21
f 2 26 22
f 2 26 23
f 2 26 24
f 2 26 25
f 2 26 26
f 2 26 27
f 2 26 28
f 2 26 29
f 2 27 0
f 2 27 1
f 2 27 2
f 2 27 3
f 2 27 4
f 2 27 5
f 2 27 6
f 2 27 7
f 2 27 8
f 2 27 9
f 2 27 10
f 2 27 11
f 2 27 12
f 2 27 13
f 2 27 14
f 2 27 15
f 2 27 16
f 2 27 17
f 2 27 18
f 2 27 19
f 2 27 20
f 2 27 21
f 2 27 22
f 2 27 23
f 2 27 24
f 2 27 25
f 2 27 26
f 2 27 27
f 2 27 28
f 2 27 29
f 2 28 0
f 2 28 1
f 2 28 2
f 2 28 3
f 2 28 4
f 2 28 5
f 2 28 6
f 2 28 7
f 2 28 8
f 2 28 9
f 2 28 10
f 2 28 11
f 2 28 12
f 2 28 13
f 2 28 14
f 2 28 15
f 2 28 16
f 2 28 17
f 2 28 18
f 2 28 19
f 2 28 20
f 2 28 21
f 2 28 22
f 2 28 23
f 2 28 24
f 2 28 25
f 2 28 26
f 2 28 27
f 2 28 28
f 2 28 29
f 2 29 0
f 2 29 1
f 2 29 2
f 2 29 3
f 2 29 4
f 2 29 5
f 2 29 6
f 2 29 7
f 2 29 8
f 2 29 9
f 2 29 10
f 2 29 11
f 2 29 12
f 2 29 13
f 2 29 14
f 2 29 15
f 2 29 16
f 2 29 17
f 2 29 18
f 2 29 19
f 2 29 20
f 2 29 21
f 2 29 22
f 2 29 23
f 2 29 24
f 2 29 25
f 2 29 26
f 2 29 27
f 2 29 28
f 2 29 29
END
